p1507,p1568
p253,p1129
p1544,p1996
p100,p1187
p135,p565
p1282,p1379
p951,p1714
p1175,p1588
p612,p1920
p545,p1864
p132,p1706
p964,p1720
p758,p920
p1163,p1609
p797,p1632
p434,p1747
p171,p1131
p290,p1498
p186,p1784
p188,p916
p1486,p1868
p940,p990
p510,p1741
p582,p1595
p914,p1747
p1183,p1770
p369,p1828
p446,p1872
p554,p838
p545,p1821
p1767,p1897
p580,p1866
p179,p1565
p1240,p1913
p587,p1470
p1123,p1875
p1231,p1914
p299,p1076
p1622,p1979
p275,p383
p1027,p1093
p1007,p1970
p559,p978
p272,p1259
p655,p715
p505,p761
p435,p1289
p629,p1595
p392,p1317
p742,p1435
p635,p1429
p639,p641
p51,p241
p1107,p1275
p237,p1093
p1367,p1463
p1338,p1979
p1168,p1943
p914,p1812
p508,p1136
p849,p1005
p1153,p1396
p68,p435
p297,p404
p129,p1797
p264,p827
p1806,p1869
p913,p1506
p521,p1607
p647,p835
p108,p1056
p1333,p1925
p1223,p1293
p692,p1585
p943,p1840
p536,p1794
p456,p1870
p1407,p1688
p401,p1718
p1314,p1363
p816,p1167
p139,p401
p694,p1993
p1134,p1382
p709,p1705
p482,p986
p167,p705
p1,p1147
p783,p1079
p1275,p1434
p1030,p1150
p463,p478
p513,p1002
p430,p1118
p757,p1286
p1157,p1435
p590,p1073
p830,p1088
p1727,p1921
p436,p1698
p83,p1567
p1142,p1568
p766,p1651
p2,p743
p213,p1256
p713,p1711
p293,p1260
p260,p483
p1727,p1832
p322,p1196
p382,p508
p940,p1338
p80,p283
p639,p696
p1239,p1549
p29,p1685
p51,p74
p525,p1156
p211,p423
p866,p1351
p759,p1401
p1893,p1980
p152,p1447
p217,p403
p280,p1255
p1318,p1535
p164,p1222
p518,p1130
p64,p1935
p303,p1854
p139,p1241
p841,p1752
p645,p848
p985,p1558
p599,p1498
p756,p893
p1485,p1855
p508,p530
p250,p483
p1107,p1448
p393,p1657
p288,p1410
p536,p1601
p121,p1559
p347,p1144
p346,p688
p338,p1742
p1068,p1640
p1299,p1520
p1063,p1913
p85,p785
p1125,p1156
p902,p1039
p1129,p1476
p1170,p1859
p1277,p1400
p1658,p1817
p347,p1381
p1365,p1582
p343,p951
p676,p1102
p134,p1454
p1097,p1850
p512,p1049
p132,p1825
p463,p1665
p221,p1338
p22,p703
p1313,p1792
p925,p1342
p694,p1213
p828,p1523
p232,p1630
p346,p943
p689,p977
p1086,p1693
p138,p1111
p1535,p1787
p625,p1058
p173,p1376
p200,p1848
p1,p118
p295,p310
p127,p1451
p575,p828
p1254,p1296
p724,p865
p474,p1091
p1822,p1976
p349,p1902
p430,p1951
p409,p1227
p634,p1548
p1872,p1926
p130,p399
p276,p1734
p684,p859
p735,p1808
p32,p1421
p176,p1509
p890,p1038
p874,p1793
p540,p1245
p23,p958
p254,p561
p667,p893
p1220,p1391
p283,p625
p152,p508
p1658,p1933
p1064,p1939
p466,p1067
p1561,p1837
p1519,p1639
p1357,p1424
p180,p1373
p71,p1162
p1086,p1307
p345,p1937
p768,p1422
p1354,p1551
p1499,p1892
p1496,p1539
p825,p1435
p201,p217
p306,p1214
p44,p1615
p290,p1211
p455,p524
p588,p1085
p812,p881
p631,p1068
p1152,p1531
p311,p1752
p177,p200
p19,p965
p1240,p1413
p978,p1094
p1385,p1671
p631,p782
p416,p692
p1246,p1460
p1070,p1844
p448,p826
p599,p1618
p1565,p1832
p444,p1010
p676,p1225
p1664,p1690
p1116,p1949
p4,p1565
p439,p1662
p781,p1886
p449,p762
p788,p1651
p1460,p1597
p478,p789
p989,p1041
p1494,p1920
p488,p501
p766,p1087
p1573,p1885
p219,p1775
p42,p753
p1216,p1663
p50,p331
p68,p1711
p426,p835
p401,p880
p321,p746
p88,p1235
p1098,p1400
p882,p1724
p503,p1447
p1019,p1371
p781,p1220
p1248,p1702
p1354,p1413
p381,p971
p908,p1283
p891,p980
p1135,p1612
p784,p1424
p983,p1742
p884,p1752
p395,p1858
p1170,p1697
p1695,p1946
p803,p1621
p489,p1636
p1448,p1880
p885,p1521
p1396,p1500
p587,p1123
p769,p1052
p1230,p1262
p719,p1878
p22,p1019
p228,p1337
p248,p929
p1384,p1392
p106,p253
p360,p1301
p830,p1712
p1665,p1797
p47,p1293
p536,p1801
p132,p1001
p61,p149
p1427,p1870
p183,p1634
p821,p1735
p743,p1374
p564,p1970
p159,p364
p363,p1938
p613,p1432
p623,p1946
p1118,p1588
p1580,p1681
p234,p937
p500,p1026
p169,p1846
p797,p875
p1383,p1706
p628,p942
p391,p859
p998,p1788
p756,p1939
p638,p673
p337,p1436
p453,p1839
p260,p663
p54,p458
p790,p930
p366,p1514
p1008,p1057
p152,p1826
p270,p1514
p213,p1977
p244,p1714
p187,p384
p535,p1956
p714,p1151
p355,p882
p357,p365
p857,p1051
p426,p682
p138,p628
p58,p1033
p9,p1160
p968,p1576
p1590,p1700
p883,p1332
p1151,p1677
p1278,p1508
p1242,p1798
p1337,p1493
p829,p1999
p1334,p1462
p68,p280
p42,p1349
p1572,p1903
p1286,p1369
p615,p1899
p362,p892
p1270,p1943
p321,p1526
p587,p1992
p774,p1727
p641,p1786
p342,p1040
p433,p1919
p484,p1349
p1524,p1970
p178,p845
p1111,p1180
p465,p923
p188,p246
p1339,p1625
p889,p1742
p462,p1828
p184,p1170
p1265,p1580
p186,p379
p744,p1298
p268,p1572
p142,p1340
p799,p1961
p1071,p1461
p1033,p1624
p120,p1015
p372,p865
p120,p175
p746,p1039
p193,p989
p1190,p1257
p458,p1428
p36,p410
p504,p1294
p1575,p1856
p87,p315
p1408,p1980
p1422,p1546
p516,p1801
p596,p1292
p971,p1298
p451,p1298
p1664,p1982
p61,p1457
p1109,p1906
p1,p1282
p520,p1601
p1167,p1286
p1099,p1133
p1297,p1706
p415,p1282
p115,p910
p1149,p1766
p403,p1967
p1013,p1407
p1753,p1906
p1714,p1832
p1011,p1660
p315,p1210
p735,p809
p1445,p1523
p952,p1633
p136,p546
p1297,p1627
p736,p919
p639,p805
p376,p1133
p102,p1725
p450,p680
p26,p297
p284,p1810
p209,p378
p369,p1478
p922,p1790
p110,p1099
p1194,p1979
p695,p1619
p241,p747
p1109,p1386
p1233,p1644
p338,p968
p420,p836
p1549,p1580
p704,p894
p642,p1962
p415,p1193
p395,p1998
p905,p1559
p163,p488
p617,p1312
p2,p1471
p1090,p1252
p913,p1072
p405,p1558
p754,p1272
p468,p828
p1489,p1799
p699,p1436
p868,p1985
p687,p1317
p136,p146
p36,p1454
p435,p1930
p318,p1615
p409,p1008
p1160,p1801
p539,p1335
p1501,p1552
p673,p813
p932,p1590
p890,p1375
p73,p1521
p657,p1757
p286,p1736
p212,p1544
p389,p699
p31,p902
p1308,p1400
p752,p1023
p691,p1038
p1233,p1541
p1073,p1256
p413,p1756
p823,p1174
p630,p1421
p524,p1646
p234,p1235
p191,p868
p903,p1318
p565,p1387
p80,p1088
p721,p1199
p746,p1204
p173,p1310
p1280,p1289
p1131,p1732
p427,p1448
p968,p1167
p283,p1589
p105,p125
p1236,p1291
p343,p1163
p842,p1295
p1429,p1521
p1339,p1726
p857,p1668
p196,p1792
p514,p1097
p817,p1984
p1174,p1274
p242,p770
p187,p468
p1161,p1804
p458,p1378
p168,p1295
p432,p814
p239,p951
p271,p990
p873,p1678
p675,p1004
p59,p1319
p1393,p1552
p1465,p1701
p488,p848
p1493,p1799
p1052,p1719
p5,p279
p297,p1430
p325,p950
p1226,p1651
p1088,p1397
p894,p1983
p1111,p1865
p272,p1020
p457,p1548
p125,p802
p550,p635
p422,p1486
p660,p1723
p1170,p1346
p21,p976
p843,p930
p128,p911
p79,p1269
p20,p921
p629,p792
p170,p1366
p90,p990
p246,p899
p142,p1979
p373,p1238
p1541,p1988
p647,p1727
p1687,p1842
p983,p1615
p1497,p1858
p903,p1113
p588,p1675
p770,p1179
p1174,p1926
p1148,p1453
p1448,p1955
p194,p1585
p363,p957
p762,p1720
p457,p603
p615,p1906
p681,p1869
p775,p1817
p1199,p1725
p712,p920
p301,p1350
p902,p969
p198,p1416
p523,p1643
p1057,p1705
p1506,p1836
p1081,p1999
p452,p983
p818,p1875
p109,p1174
p603,p1265
p161,p854
p1326,p1580
p589,p1245
p1408,p1614
p230,p947
p1410,p1416
p1470,p1681
p884,p1851
p1253,p1477
p111,p421
p1015,p1855
p1369,p1586
p28,p1490
p110,p1374
p890,p1772
p1187,p1778
p269,p540
p1171,p1936
p225,p1483
p1011,p1503
p794,p1232
p1235,p1774
p1626,p1892
p886,p1561
p516,p1896
p1295,p1926
p1355,p1409
p1308,p1825
p495,p855
p1050,p1389
p1039,p1118
p231,p1551
p532,p1196
p934,p1851
p72,p1197
p121,p933
p441,p1456
p232,p480
p476,p857
p1085,p1120
p1038,p1473
p1147,p1800
p1031,p1463
p61,p361
p53,p1347
p354,p1403
p1238,p1613
p463,p1255
p415,p488
p1246,p1591
p268,p879
p552,p631
