p343,p984
p401,p1590
p637,p721
p735,p849
p334,p1536
p855,p1405
p1411,p1728
p645,p934
p589,p1974
p332,p1390
p431,p854
p907,p1709
p111,p685
p616,p1960
p428,p1911
p378,p443
p479,p1166
p299,p730
p419,p459
p934,p1784
p592,p960
p1318,p1447
p143,p165
p547,p1692
p394,p1410
p661,p1671
p368,p640
p505,p549
p473,p550
p877,p1499
p196,p1861
p166,p1537
p73,p1564
p1419,p1577
p52,p1945
p289,p612
p281,p349
p338,p1719
p1502,p1828
p1561,p1817
p82,p996
p964,p1218
p59,p1769
p191,p541
p416,p1023
p638,p1226
p616,p1655
p74,p988
p981,p1571
p1044,p1381
p617,p1222
p962,p1144
p46,p966
p691,p1603
p1090,p1251
p979,p1161
p550,p913
p347,p928
p420,p1549
p174,p983
p671,p771
p614,p1611
p1086,p1283
p314,p1453
p533,p1331
p1296,p1777
p527,p709
p401,p966
p594,p1929
p1140,p1318
p1260,p1424
p76,p1032
p749,p899
p1029,p1905
p116,p1720
p568,p1626
p126,p1590
p1247,p1951
p181,p485
p382,p1595
p1767,p1816
p1473,p1853
p99,p1285
p20,p516
p355,p1444
p100,p853
p1528,p1590
p1206,p1750
p190,p1792
p1065,p1102
p286,p392
p1503,p1665
p416,p1020
p829,p1145
p502,p1257
p178,p179
p272,p1161
p818,p1099
p284,p983
p242,p1917
p490,p1014
p695,p1673
p5,p1972
p588,p603
p653,p1049
p1412,p1978
p187,p766
p1747,p1764
p536,p1529
p573,p1889
p177,p723
p1746,p1799
p1517,p1730
p1082,p1519
p343,p1707
p846,p1930
p420,p730
p341,p797
p580,p1957
p863,p922
p333,p1152
p374,p1455
p1072,p1946
p1265,p1909
p1310,p1693
p656,p879
p930,p1229
p386,p732
p1322,p1560
p857,p1815
p578,p1237
p244,p562
p301,p1760
p1012,p1073
p1683,p1789
p1084,p1163
p1010,p1880
p145,p1275
p401,p1355
p1571,p1793
p650,p1497
p898,p1614
p168,p394
p187,p1681
p388,p1455
p980,p1794
p1299,p1956
p943,p1770
p1459,p1734
p191,p1016
p446,p1708
p676,p1975
p1405,p1601
p726,p817
p1602,p1980
p625,p1674
p233,p430
p372,p1300
p621,p1623
p411,p1593
p1019,p1140
p177,p1854
p984,p1718
p61,p1910
p893,p902
p1835,p1954
p1143,p1160
p184,p497
p279,p1824
p415,p796
p354,p1440
p1184,p1304
p305,p1072
p1305,p1927
p904,p1638
p167,p1607
p1268,p1501
p317,p1262
p545,p813
p252,p1660
p1823,p1839
p1148,p1419
p512,p1788
p1322,p1799
p1143,p1692
p249,p1968
p239,p899
p99,p766
p301,p667
p518,p1246
p489,p1967
p309,p1890
p483,p1720
p810,p1178
p836,p1970
p1067,p1597
p0,p1506
p993,p1915
p261,p1221
p115,p1773
p1328,p1369
p634,p1204
p538,p1170
p1196,p1215
p1419,p1653
p627,p1296
p142,p704
p1183,p1408
p324,p1153
p28,p1375
p722,p1369
p259,p1381
p690,p881
p153,p230
p639,p1940
p662,p1267
p1000,p1921
p1797,p1867
p1094,p1250
p1458,p1892
p699,p1649
p304,p1755
p407,p1889
p1569,p1640
p554,p1189
p617,p892
p404,p1764
p595,p1048
p598,p645
p1664,p1733
p169,p1037
p128,p1026
p635,p1529
p281,p639
p259,p1044
p218,p316
p412,p1782
p885,p1576
p384,p1792
p44,p915
p1203,p1452
p355,p1468
p20,p574
p1576,p1640
p1007,p1229
p257,p1051
p286,p1084
p1290,p1711
p701,p1786
p362,p1134
p253,p955
p441,p981
p730,p1970
p528,p1658
p933,p1139
p1030,p1051
p1044,p1674
p853,p1037
p300,p1587
p1149,p1204
p438,p1668
p499,p1481
p777,p1866
p1347,p1610
p1147,p1417
p14,p1451
p176,p473
p77,p946
p829,p1494
p884,p1291
p777,p1202
p399,p546
p1269,p1913
p1566,p1615
p1124,p1681
p335,p1327
p1511,p1530
p435,p779
p1103,p1336
p388,p1068
p1199,p1358
p1627,p1861
p529,p571
p437,p738
p821,p1713
p1717,p1845
p834,p1272
p481,p1457
p213,p1360
p224,p468
p85,p701
p459,p1190
p648,p1380
p21,p1555
p443,p1859
p1037,p1468
p1667,p1859
p653,p1179
p1065,p1176
p953,p1004
p458,p1053
p535,p1555
p774,p887
p1848,p1870
p1397,p1885
p236,p1908
p1013,p1650
p928,p1373
p548,p1290
p349,p1404
p202,p206
p1113,p1603
p886,p1581
p777,p1987
p366,p1073
p300,p836
p148,p909
p638,p1799
p662,p1536
p1925,p1989
p633,p1656
p1601,p1627
p422,p746
p663,p1685
p285,p395
p686,p1559
p1062,p1211
p501,p623
p889,p1161
p531,p1722
p1195,p1565
p241,p828
p1095,p1663
p1066,p1102
p1200,p1806
p1216,p1985
p870,p1847
p1177,p1845
p628,p1317
p873,p1410
p1468,p1775
p1318,p1980
p441,p723
p398,p654
p405,p1214
p560,p1669
p1197,p1717
p866,p1431
p837,p880
p38,p1827
p1462,p1545
p952,p1545
p219,p1822
p825,p1371
p1025,p1447
p863,p1881
p392,p1480
p169,p698
p1090,p1491
p1029,p1464
p1085,p1834
p143,p1432
p519,p972
p134,p1073
p1272,p1310
p396,p1060
p151,p1410
p194,p1848
p844,p1174
p1242,p1594
p291,p548
p707,p1097
p74,p814
p523,p1101
p753,p1867
p817,p971
p164,p1731
p1483,p1889
p443,p740
p1600,p1771
p520,p1073
p683,p1313
p1008,p1764
p210,p522
p577,p1937
p1326,p1732
p1551,p1905
p606,p744
p403,p1189
p1028,p1560
p795,p1507
p105,p1110
p1089,p1646
p1318,p1602
p656,p933
p657,p1154
p1593,p1645
p1329,p1578
p202,p1527
p118,p127
p886,p1537
p40,p1950
p118,p1118
p279,p469
p503,p1493
p140,p653
p774,p1959
p1248,p1808
p683,p989
p1671,p1909
p1316,p1383
p612,p1379
p1281,p1762
p106,p1471
p1748,p1845
p293,p1901
p960,p976
p1537,p1740
p1209,p1771
p40,p595
p472,p1337
p849,p1254
p380,p1660
p715,p753
p500,p1819
p63,p1799
p429,p1818
p165,p803
p278,p299
p1717,p1998
p1605,p1739
p840,p1528
p100,p169
p348,p1832
p727,p1791
p409,p1054
p1226,p1845
p507,p1637
p763,p1623
p1122,p1209
p651,p1684
p445,p572
p4,p77
p692,p1907
p233,p1619
p268,p373
p872,p1176
p356,p805
p1270,p1698
p246,p1184
p1767,p1894
p261,p1059
p1162,p1273
p170,p968
p759,p1852
p160,p1241
p825,p1923
p480,p945
p1206,p1455
p125,p1974
p1878,p1961
p851,p1777
p513,p1434
p370,p573
p746,p1313
p701,p1694
p607,p1345
p637,p1566
p148,p1076
p522,p1917
p283,p994
p1748,p1998
p142,p176
p878,p1345
p657,p1347
p1283,p1364
p1588,p1864
p36,p246
p271,p1813
p210,p1000
p905,p1622
p809,p1598
p804,p1799
p275,p1431
p387,p663
p362,p823
p198,p586
p1436,p1698
p1285,p1492
p452,p867
p1463,p1696
p898,p1499
p285,p1443
p1478,p1623
p1278,p1355
p689,p1996
p639,p1130
p535,p694
p1265,p1671
p536,p1867
p1122,p1135
p352,p1214
p1783,p1851
p962,p1735
p497,p1600
p215,p1009
p1292,p1805
p853,p1842
p89,p1020
p670,p727
p62,p761
p55,p544
p1245,p1462
p809,p984
p1162,p1894
p247,p335
p1420,p1940
p318,p1027
p1037,p1356
p1195,p1543
p210,p1242
p196,p1405
p602,p1120
p1574,p1793
p1945,p1989
p97,p1830
p1374,p1771
p1019,p1326
p266,p957
p514,p621
p1206,p1926
p217,p1890
p527,p1508
p622,p1681
p1855,p1974
p117,p1430
p516,p858
p865,p1645
p641,p805
p563,p1660
p1240,p1557
p441,p895
p169,p1468
p436,p545
p966,p1355
p333,p358
p663,p1918
p706,p930
p1161,p1170
p75,p1160
p67,p1219
p510,p1809
p865,p1593
p694,p1648
p726,p971
p1344,p1941
p663,p1266
p1026,p1419
p532,p1726
p1202,p1866
p669,p698
p8,p199
p1288,p1700
p127,p957
p75,p1143
p526,p928
p990,p1625
p452,p505
p1235,p1538
p169,p853
p19,p773
p567,p1105
p256,p1056
p325,p1932
p301,p1732
p515,p1521
p171,p1928
p809,p1247
p1449,p1519
p706,p1007
p814,p1217
p1234,p1516
p504,p1344
p802,p1903
p24,p219
p491,p1706
p1066,p1285
p291,p1923
p475,p1935
p809,p1718
p803,p1432
p368,p1293
p911,p1227
p1219,p1317
p606,p1891
p1319,p1595
p532,p948
p18,p1234
p225,p285
p1083,p1814
p700,p1935
p708,p1423
p181,p1534
p1461,p1865
p206,p1847
p133,p1892
p62,p735
p941,p1617
p809,p1866
p901,p943
p379,p653
p776,p1680
p320,p1596
p730,p1549
p639,p728
p958,p1841
p220,p899
p1172,p1683
p80,p1250
p419,p795
p333,p1919
p1107,p1974
p1589,p1798
p509,p920
p884,p1555
p128,p1256
p753,p1992
p196,p1448
p91,p1441
p315,p1199
p1478,p1758
p134,p520
p4,p234
p1177,p1362
p340,p674
p236,p1501
p834,p991
p79,p1680
p1288,p1590
p748,p868
